-8.618643 41.14138 63.6858 -8.618499 41.14141 63.6873
-8.620326 41.14138 63.6873 -8.618499 41.14251 63.6888
-8.622153 41.14251 63.6888 -8.620326 41.14381 63.6903
-8.623953 41.14381 63.6903 -8.622153 41.14437 63.6918
-8.62668 41.14437 63.6918 -8.623953 41.14478 63.6933
-8.627373 41.1447 63.6933 -8.62668 41.14478 63.6948
-8.630226 41.1447 63.6948 -8.627373 41.14521 63.6963
-8.632746 41.14521 63.6963 -8.630226 41.14692 63.6978
-8.632746 41.14692 63.6978 -8.631738 41.14822 63.6993
-8.631738 41.14822 63.6993 -8.629938 41.15038 63.7008
-8.629938 41.15038 63.7008 -8.62911 41.15121 63.7023
-8.629128 41.15121 63.7023 -8.62911 41.15124 63.7038
-8.629128 41.15124 63.7038 -8.628786 41.1522 63.7053
-8.628786 41.1522 63.7053 -8.628687 41.15237 63.7068
-8.628759 41.15237 63.7068 -8.628687 41.15252 63.7083
-8.630838 41.15252 63.7083 -8.628759 41.15268 63.7098
-8.632323 41.15268 63.7098 -8.630838 41.15302 63.7113
-8.632323 41.15302 63.7113 -8.631144 41.15449 63.7128
-8.631144 41.15449 63.7128 -8.630829 41.15451 63.7143
-8.630829 41.15451 63.7143 -8.630829 41.15452 63.7158
-8.630829 41.1545 63.7158 -8.630829 41.15452 63.7173
-8.630838 41.15449 63.7173 -8.630829 41.1545 63.7188
-8.639847 41.15449 63.7188 -8.630838 41.15983 63.7303
-8.640351 41.15983 63.7303 -8.639847 41.15987 63.7318
-8.642196 41.15987 63.7318 -8.640351 41.16011 63.7333
-8.644455 41.16011 63.7333 -8.642196 41.16049 63.7348
-8.646921 41.16049 63.7348 -8.644455 41.16095 63.7363
-8.649999 41.16095 63.7363 -8.646921 41.16149 63.7378
-8.653167 41.16149 63.7378 -8.649999 41.16203 63.7393
-8.656434 41.16203 63.7393 -8.653167 41.16258 63.7408
-8.660178 41.16258 63.7408 -8.656434 41.16319 63.7423
-8.663112 41.16319 63.7423 -8.660178 41.16369 63.7438
-8.666235 41.16369 63.7438 -8.663112 41.1642 63.7453
-8.669169 41.1642 63.7453 -8.666235 41.1647 63.7468
-8.670852 41.1647 63.7468 -8.669169 41.16514 63.7483
-8.670942 41.16514 63.7483 -8.670852 41.16658 63.7498
-8.670942 41.16658 63.7498 -8.66961 41.16796 63.7513
-8.66961 41.16796 63.7513 -8.668098 41.16899 63.7528
-8.668098 41.16899 63.7528 -8.66664 41.17001 63.7543
-8.66664 41.17001 63.7543 -8.665767 41.17063 63.7558
-8.665767 41.17063 63.7558 -8.66574 41.17067 63.7573
-8.66574 41.14036 63.6951 -8.612964 41.17067 63.7573
-8.613378 41.14035 63.6951 -8.612964 41.14036 63.6966
-8.614215 41.14028 63.6966 -8.613378 41.14035 63.6981
-8.614773 41.14028 63.6981 -8.614215 41.14037 63.6996
-8.615907 41.14037 63.6996 -8.614773 41.14045 63.7011
-8.616609 41.14045 63.7011 -8.615907 41.1406 63.7026
-8.618472 41.1406 63.7026 -8.616609 41.14141 63.7041
-8.620623 41.14141 63.7041 -8.618472 41.14279 63.7056
-8.622558 41.14279 63.7056 -8.620623 41.14409 63.7071
-8.62506 41.14409 63.7071 -8.622558 41.1448 63.7086
-8.627436 41.14473 63.7086 -8.62506 41.1448 63.7101
-8.630082 41.14473 63.7101 -8.627436 41.14517 63.7116
-8.6319 41.14517 63.7116 -8.630082 41.14646 63.7131
-8.632584 41.14646 63.7131 -8.6319 41.14732 63.7146
-8.632584 41.14732 63.7146 -8.631252 41.14877 63.7161
-8.631252 41.14877 63.7161 -8.629713 41.15063 63.7176
-8.629713 41.15063 63.7176 -8.628804 41.15208 63.7191
-8.628804 41.15208 63.7191 -8.628579 41.15246 63.7206
-8.62875 41.15246 63.7206 -8.628579 41.15266 63.7221
-8.630424 41.15266 63.7221 -8.62875 41.15277 63.7236
-8.632683 41.15277 63.7236 -8.630424 41.15278 63.7251
-8.635131 41.15256 63.7251 -8.632683 41.15278 63.7266
-8.637705 41.15256 63.7266 -8.635131 41.15301 63.7281
-8.64036 41.15301 63.7281 -8.637705 41.15358 63.7296
-8.642205 41.15358 63.7296 -8.64036 41.15402 63.7311
-8.644068 41.15402 63.7311 -8.642205 41.15451 63.7326
-8.646453 41.15434 63.7326 -8.644068 41.15451 63.7341
-8.648613 41.1543 63.7341 -8.646453 41.15434 63.7356
-8.649504 41.1543 63.7356 -8.648613 41.15434 63.7371
-8.649837 41.15434 63.7371 -8.649504 41.15435 63.7386
-8.649837 41.1543 63.7386 -8.649837 41.15435 63.7401
-8.649882 41.15428 63.7401 -8.649837 41.1543 63.7416
-8.649936 41.15428 63.7416 -8.649882 41.1543 63.7431
-8.649936 41.15426 63.7431 -8.6499 41.1543 63.7446
-8.6499 41.14174 63.7446 -8.599383 41.15426 63.7461
-8.599383 41.14057 63.7461 -8.59653 41.14174 63.7476
-8.65008 41.14057 63.7476 -8.59653 41.15429 63.7491
-8.650395 41.15381 63.7491 -8.65008 41.15429 63.7506
-8.650395 41.15381 63.7506 -8.650377 41.15383 63.7521
-8.650377 41.15379 63.7521 -8.650359 41.15383 63.7536
-8.650359 41.15317 63.7536 -8.649891 41.15379 63.7551
-8.649891 41.15257 63.7551 -8.649369 41.15317 63.7566
-8.649369 41.15237 63.7566 -8.649198 41.15257 63.7581
-8.649711 41.15121 63.7581 -8.649198 41.15237 63.7596
-8.649711 41.15047 63.7596 -8.649117 41.15121 63.7611
-8.649117 41.14906 63.7611 -8.649117 41.15047 63.7626
-8.649117 41.14826 63.7626 -8.648613 41.14906 63.7641
-8.648613 41.14822 63.7641 -8.648424 41.14826 63.7656
-8.648424 41.14822 63.7656 -8.647587 41.1484 63.7671
-8.647587 41.1484 63.7671 -8.64594 41.14841 63.7686
-8.64594 41.14814 63.7686 -8.643861 41.14841 63.7701
-8.643861 41.14803 63.7701 -8.642763 41.14814 63.7716
-8.642763 41.14803 63.7716 -8.640918 41.14836 63.7731
-8.640918 41.14835 63.7731 -8.637759 41.14836 63.7746
-8.637759 41.14796 63.7746 -8.635338 41.14835 63.7761
-8.635338 41.14717 63.7761 -8.633277 41.14796 63.7776
-8.633277 41.14615 63.7776 -8.631513 41.14717 63.7791
-8.631513 41.14503 63.7791 -8.629776 41.14615 63.7806
-8.629776 41.14464 63.7806 -8.627814 41.14503 63.7821
-8.627814 41.14464 63.7821 -8.625996 41.14477 63.7836
-8.625996 41.14446 63.7836 -8.624088 41.14477 63.7851
-8.624088 41.1434 63.7851 -8.621325 41.14446 63.7866
-8.621325 41.14196 63.7866 -8.619444 41.1434 63.7881
-8.619444 41.14086 63.7881 -8.617365 41.14196 63.7896
-8.617365 41.14053 63.7896 -8.61597 41.14086 63.7911
-8.61597 41.14053 63.6854 -8.574678 41.15195 63.7911
-8.574705 41.15194 63.6854 -8.574678 41.15195 63.6869
-8.574705 41.15193 63.6869 -8.574696 41.15194 63.6884
-8.574696 41.15193 63.6884 -8.57466 41.15196 63.6899
-8.574723 41.15193 63.6899 -8.57466 41.15196 63.6914
-8.574723 41.15192 63.6914 -8.574714 41.15193 63.6929
-8.574714 41.15192 63.6929 -8.574714 41.15192 63.6944
-8.575164 41.15093 63.6944 -8.574714 41.15192 63.6959
-8.577135 41.15023 63.6959 -8.575164 41.15093 63.6974
-8.57853 41.14864 63.6974 -8.577135 41.15023 63.6989
-8.579745 41.14732 63.6989 -8.57853 41.14864 63.7004
-8.579745 41.14617 63.7004 -8.579358 41.14732 63.7019
-8.580744 41.14503 63.7019 -8.579358 41.14617 63.7034
-8.582904 41.14503 63.7034 -8.580744 41.14512 63.7049
-8.58438 41.14512 63.7049 -8.582904 41.14648 63.7064
-8.610849 41.14588 63.7064 -8.58438 41.14648 63.7079
-8.610849 41.14588 63.7079 -8.610012 41.14648 63.7094
-8.610012 41.14648 63.7094 -8.609058 41.14687 63.7109
-8.609058 41.14687 63.7109 -8.608968 41.14706 63.7124
-8.608968 41.14706 63.7124 -8.586027 41.1487 63.7139
-8.587197 41.1487 63.7139 -8.586027 41.14922 63.7154
-8.588205 41.14896 63.7154 -8.587197 41.14922 63.7169
-8.588835 41.1476 63.7169 -8.588205 41.14896 63.7184
-8.590176 41.14708 63.7184 -8.588835 41.1476 63.7199
-8.592543 41.14661 63.7199 -8.590176 41.14708 63.7214
-8.594721 41.14625 63.7214 -8.592543 41.14661 63.7229
-8.596737 41.14625 63.7229 -8.594721 41.14632 63.7244
-8.59869 41.14612 63.7244 -8.596737 41.14632 63.7259
-8.598816 41.1461 63.7259 -8.59869 41.14612 63.7274
-8.600193 41.1461 63.7274 -8.598816 41.14616 63.7289
-8.601057 41.1461 63.7289 -8.600193 41.14616 63.7304
-8.602344 41.14575 63.7304 -8.601057 41.1461 63.7319
-8.602785 41.1457 63.7319 -8.602344 41.14575 63.7334
-8.60328 41.1456 63.7334 -8.602785 41.1457 63.7349
-8.604045 41.14542 63.7349 -8.60328 41.1456 63.7364
-8.604657 41.14426 63.7364 -8.604045 41.14542 63.7379
-8.605854 41.14256 63.7379 -8.604657 41.14426 63.7394
-8.607951 41.14256 63.7394 -8.605854 41.14275 63.7409
-8.607978 41.14275 63.7409 -8.607951 41.14283 63.7424
-8.607996 41.14283 63.7424 -8.607978 41.14288 63.7439
-8.607996 41.14288 63.7439 -8.607987 41.14289 63.7454
-8.608005 41.14289 63.7454 -8.607987 41.14292 63.7469
-8.608005 41.14292 63.7469 -8.607996 41.14292 63.7484
-8.645994 41.14292 63.7091 -8.607996 41.18049 63.7484
-8.645994 41.18049 63.7091 -8.645949 41.18052 63.7106
-8.646048 41.18005 63.7106 -8.645949 41.18052 63.7121
-8.646804 41.17889 63.7121 -8.646048 41.18005 63.7136
-8.649495 41.17847 63.7136 -8.646804 41.17889 63.7151
-8.65215 41.17796 63.7151 -8.649495 41.17847 63.7166
-8.654049 41.1772 63.7166 -8.65215 41.17796 63.7181
-8.655012 41.1772 63.7181 -8.654049 41.17793 63.7196
-8.656353 41.17785 63.7196 -8.655012 41.17793 63.7211
-8.659647 41.17728 63.7211 -8.656353 41.17785 63.7226
-8.662518 41.17728 63.7226 -8.659647 41.17762 63.7241
-8.664561 41.17762 63.7241 -8.662518 41.17922 63.7256
-8.667432 41.17854 63.7256 -8.664561 41.17922 63.7271
-8.668944 41.17667 63.7271 -8.667432 41.17854 63.7286
-8.671374 41.17518 63.7286 -8.668944 41.17667 63.7301
-8.673894 41.17331 63.7301 -8.671374 41.17518 63.7316
-8.676918 41.17184 63.7316 -8.673894 41.17331 63.7331
-8.680032 41.17184 63.7331 -8.676918 41.17195 63.7346
-8.682615 41.17195 63.7346 -8.680032 41.17319 63.7361
-8.685441 41.17319 63.7361 -8.682615 41.17378 63.7376
-8.688105 41.17365 63.7376 -8.685441 41.17378 63.7391
-8.688879 41.17365 63.7391 -8.688105 41.17438 63.7406
-8.689059 41.17438 63.7406 -8.688879 41.17608 63.7421
-8.689086 41.17608 63.7421 -8.689059 41.17643 63.7436
-8.689086 41.17643 63.7436 -8.689059 41.17659 63.7451
-8.689059 41.17659 63.7451 -8.687502 41.17675 63.7466
-8.687502 41.17675 63.7466 -8.687259 41.17778 63.7481
-8.687259 41.17778 63.7481 -8.687259 41.17808 63.7496
-8.687268 41.17808 63.7496 -8.687259 41.17809 63.7511
-8.687268 41.14067 63.6965 -8.615502 41.17809 63.7511
-8.615502 41.14067 63.6965 -8.614854 41.14093 63.698
-8.614854 41.14093 63.698 -8.613351 41.14152 63.6995
-8.613351 41.14085 63.6995 -8.609976 41.14152 63.701
-8.609976 41.14085 63.701 -8.607537 41.14129 63.7025
-8.607537 41.14129 63.7025 -8.603676 41.14181 63.704
-8.603676 41.14181 63.704 -8.599833 41.14192 63.7055
-8.599833 41.14049 63.7055 -8.596458 41.14192 63.707
-8.596458 41.14001 63.707 -8.592993 41.14049 63.7085
-8.592993 41.14001 63.7085 -8.589384 41.14067 63.71
-8.589384 41.14067 63.71 -8.587026 41.14275 63.7115
-8.587026 41.14275 63.7115 -8.583831 41.14364 63.713
-8.583831 41.14364 63.713 -8.581086 41.1437 63.7145
-8.581086 41.1437 63.7145 -8.579133 41.14424 63.716
-8.579133 41.14424 63.716 -8.577594 41.14469 63.7175
-8.578809 41.14469 63.7175 -8.577594 41.14596 63.719
-8.580168 41.14596 63.719 -8.578809 41.14714 63.7205
-8.580168 41.14714 63.7205 -8.578827 41.14936 63.722
-8.579808 41.14936 63.722 -8.578827 41.15188 63.7235
-8.581626 41.15188 63.7235 -8.579808 41.15387 63.725
-8.582076 41.15387 63.725 -8.581626 41.15543 63.7265
-8.582076 41.15543 63.7265 -8.580546 41.15595 63.728
-8.580546 41.15595 63.728 -8.578719 41.15627 63.7295
-8.578719 41.15627 63.7295 -8.578629 41.15769 63.731
-8.578629 41.15769 63.731 -8.578521 41.15944 63.7325
-8.578521 41.15944 63.7325 -8.578224 41.16072 63.734
-8.57952 41.14595 63.721 -8.578224 41.16072 63.734
-8.580942 41.14504 63.721 -8.57952 41.14595 63.7225
-8.582706 41.14502 63.7225 -8.580942 41.14504 63.724
-8.584092 41.14502 63.724 -8.582706 41.14616 63.7255
-8.58546 41.14616 63.7255 -8.584092 41.14683 63.727
-8.587116 41.14683 63.727 -8.58546 41.1474 63.7285
-8.587116 41.1474 63.7285 -8.586171 41.14802 63.73
-8.586171 41.14802 63.73 -8.58609 41.14896 63.7315
-8.588016 41.14896 63.7315 -8.58609 41.14937 63.733
-8.590401 41.14937 63.733 -8.588016 41.15002 63.7345
-8.593119 41.15002 63.7345 -8.590401 41.15074 63.736
-8.593506 41.15074 63.736 -8.593119 41.15085 63.7375
-8.593668 41.15085 63.7375 -8.593506 41.15097 63.739
-8.595342 41.15023 63.739 -8.593668 41.15097 63.7405
-8.59608 41.14983 63.7405 -8.595342 41.15023 63.742
-8.597466 41.14891 63.742 -8.59608 41.14983 63.7435
-8.598051 41.14857 63.7435 -8.597466 41.14891 63.745
-8.598663 41.14834 63.745 -8.598051 41.14857 63.7465
-8.600688 41.14834 63.7465 -8.598663 41.14858 63.748
-8.601723 41.14733 63.748 -8.600688 41.14858 63.7495
-8.601795 41.14726 63.7495 -8.601723 41.14733 63.751
-8.601795 41.14726 63.751 -8.601768 41.14729 63.7525
-8.602227 41.147 63.7525 -8.601768 41.14729 63.754
-8.603667 41.14658 63.754 -8.602227 41.147 63.7555
-8.603739 41.14658 63.7555 -8.603667 41.14658 63.757
-8.604477 41.14616 63.757 -8.603739 41.14658 63.7585
-8.604702 41.14541 63.7585 -8.604477 41.14616 63.76
-8.604702 41.14533 63.76 -8.604477 41.14541 63.7615
-8.604747 41.14444 63.7615 -8.604477 41.14533 63.763
-8.604945 41.14415 63.763 -8.604747 41.14444 63.7645
-8.604945 41.14361 63.7645 -8.603703 41.14415 63.766
-8.603703 41.14281 63.766 -8.602236 41.14361 63.7675
-8.603244 41.14268 63.7675 -8.602236 41.14281 63.769
-8.604 41.14268 63.769 -8.603244 41.1428 63.7705
-8.604 41.1428 63.7705 -8.603982 41.1428 63.772
-8.603982 41.1428 63.772 -8.603973 41.14282 63.7735
-8.617563 41.14282 63.7299 -8.603973 41.14618 63.7735
-8.617563 41.14585 63.7299 -8.617527 41.14618 63.7314
-8.617527 41.14483 63.7314 -8.616978 41.14585 63.7329
-8.616978 41.14483 63.7329 -8.615754 41.14543 63.7344
-8.615754 41.14541 63.7344 -8.615745 41.14543 63.7359
-8.615745 41.14541 63.7359 -8.615466 41.14571 63.7374
-8.615466 41.14571 63.7374 -8.615142 41.14705 63.7389
-8.615142 41.14705 63.7389 -8.615142 41.14712 63.7404
-8.61579 41.14712 63.7404 -8.615142 41.1473 63.7419
-8.617455 41.14724 63.7419 -8.61579 41.1473 63.7434
-8.617716 41.14722 63.7434 -8.617455 41.14724 63.7449
-8.618013 41.14722 63.7449 -8.617716 41.14751 63.7464
-8.618796 41.14751 63.7464 -8.618013 41.1486 63.7479
-8.619948 41.14847 63.7479 -8.618796 41.1486 63.7494
-8.620758 41.14847 63.7494 -8.619948 41.14893 63.7509
-8.621055 41.14893 63.7509 -8.620758 41.15057 63.7524
-8.621055 41.15057 63.7524 -8.620893 41.15228 63.7539
-8.621001 41.15228 63.7539 -8.620893 41.15425 63.7554
-8.621001 41.15425 63.7554 -8.620821 41.15547 63.7569
-8.620848 41.15545 63.7569 -8.620821 41.15547 63.7584
-8.620848 41.15545 63.7584 -8.620812 41.1558 63.7599
-8.62092 41.1558 63.7599 -8.620812 41.15722 63.7614
-8.622819 41.15722 63.7614 -8.62092 41.15824 63.7629
-8.624682 41.15824 63.7629 -8.622819 41.15948 63.7644
-8.624682 41.15948 63.7644 -8.624664 41.15972 63.7659
-8.624691 41.15972 63.7659 -8.624664 41.16049 63.7674
-8.624709 41.16049 63.7674 -8.624691 41.16156 63.7689
-8.624718 41.16156 63.7689 -8.624709 41.16156 63.7704
-8.624727 41.16155 63.7704 -8.624718 41.16156 63.7719
-8.624736 41.16154 63.7719 -8.624727 41.16155 63.7734
-8.624736 41.16154 63.7734 -8.624736 41.16154 63.7749
-8.624736 41.16154 63.7749 -8.624736 41.16154 63.7764
-8.624736 41.16154 63.7764 -8.624727 41.16154 63.7779
-8.624727 41.16154 63.7779 -8.6247 41.16155 63.7794
-8.6247 41.14056 63.7274 -8.611794 41.16155 63.7794
-8.611794 41.14056 63.7274 -8.611785 41.14057 63.7289
-8.612001 41.14057 63.7289 -8.611785 41.14057 63.7304
-8.612622 41.1405 63.7304 -8.612001 41.14057 63.7319
-8.613702 41.14034 63.7319 -8.612622 41.1405 63.7334
-8.614665 41.14034 63.7334 -8.613702 41.14039 63.7349
-8.615844 41.14039 63.7349 -8.614665 41.14048 63.7364
-8.615844 41.14048 63.7364 -8.61561 41.14068 63.7379
-8.61561 41.14068 63.7379 -8.614566 41.14109 63.7394
-8.614566 41.14109 63.7394 -8.614395 41.14198 63.7409
-8.614395 41.14198 63.7409 -8.613936 41.14294 63.7424
-8.613936 41.14294 63.7424 -8.612793 41.14385 63.7439
-8.612793 41.14385 63.7439 -8.611488 41.14479 63.7454
-8.611488 41.14439 63.7454 -8.610543 41.14479 63.7469
-8.610543 41.14354 63.7469 -8.610282 41.14439 63.7484
-8.610282 41.1434 63.7484 -8.610255 41.14354 63.7499
-8.610255 41.14324 63.7499 -8.608824 41.1434 63.7514
-8.608824 41.14315 63.7514 -8.608419 41.14324 63.7529
-8.608419 41.14235 63.7529 -8.606565 41.14315 63.7544
-8.606565 41.14235 63.7544 -8.605179 41.14345 63.7559
-8.605179 41.14345 63.7559 -8.604549 41.1448 63.7574
-8.604549 41.1448 63.7574 -8.604297 41.1453 63.7589
-8.604297 41.1453 63.7589 -8.603505 41.14556 63.7604
-8.603505 41.14556 63.7604 -8.602488 41.14563 63.7619
-8.602488 41.14563 63.7619 -8.601039 41.14576 63.7634
-8.601039 41.14576 63.7634 -8.600436 41.14644 63.7649
-8.600436 41.14644 63.7649 -8.599977 41.14729 63.7664
-8.599977 41.14729 63.7664 -8.598681 41.14827 63.7679
-8.598681 41.14827 63.7679 -8.598303 41.14842 63.7694
-8.598618 41.14842 63.7694 -8.598303 41.14947 63.7709
-8.598618 41.14947 63.7709 -8.597529 41.15129 63.7724
-8.597529 41.15129 63.7724 -8.596161 41.15368 63.7739
-8.596161 41.15368 63.7739 -8.594838 41.15598 63.7754
-8.594838 41.15598 63.7754 -8.594163 41.15713 63.7769
-8.594163 41.15713 63.7769 -8.593002 41.15919 63.7784
-8.593002 41.15919 63.7784 -8.591454 41.16161 63.7799
-8.591454 41.16161 63.7799 -8.589924 41.16345 63.7814
-8.589924 41.16331 63.7814 -8.589402 41.16345 63.7829
-8.615907 41.14056 63.7829 -8.589402 41.16331 63.7905
-8.615907 41.14056 63.7905 -8.614449 41.14109 63.792
-8.614449 41.14109 63.792 -8.613522 41.14143 63.7935
-8.613522 41.14083 63.7935 -8.609904 41.14143 63.795
-8.609904 41.13952 63.795 -8.609301 41.14083 63.7965
-8.609544 41.13887 63.7965 -8.609301 41.13952 63.798
-8.610777 41.13755 63.798 -8.609544 41.13887 63.7995
-8.611452 41.13601 63.7995 -8.610777 41.13755 63.801
-8.611452 41.13456 63.801 -8.610624 41.13601 63.8025
-8.610624 41.13445 63.8025 -8.609319 41.13456 63.804
-8.609319 41.13445 63.804 -8.608014 41.1345 63.8055
-8.608014 41.1345 63.8055 -8.607987 41.13454 63.807
-8.607987 41.13452 63.807 -8.607987 41.13454 63.8085
-8.607987 41.13452 63.8085 -8.607861 41.13454 63.81
-8.607861 41.13454 63.81 -8.60778 41.13455 63.8115
-8.60778 41.13453 63.8115 -8.607411 41.13455 63.813
-8.607411 41.13439 63.813 -8.605476 41.13453 63.8145
-8.605476 41.13418 63.8145 -8.604603 41.13439 63.816
-8.604603 41.13416 63.816 -8.604594 41.13418 63.8175
-8.619894 41.13416 63.6875 -8.604594 41.14801 63.8175
-8.620164 41.14773 63.6875 -8.619894 41.14801 63.689
-8.62065 41.14773 63.689 -8.620164 41.14851 63.6905
-8.62092 41.14851 63.6905 -8.62065 41.15031 63.692
-8.621208 41.15031 63.692 -8.62092 41.15195 63.6935
-8.621208 41.15195 63.6935 -8.621118 41.15352 63.695
-8.621118 41.15352 63.695 -8.620884 41.15542 63.6965
-8.620938 41.15542 63.6965 -8.620884 41.15548 63.698
-8.620974 41.15546 63.698 -8.620938 41.15548 63.6995
-8.621028 41.15546 63.6995 -8.620974 41.15546 63.701
-8.621028 41.15534 63.701 -8.619777 41.15546 63.7025
-8.619777 41.15534 63.7025 -8.619282 41.15534 63.704
-8.619282 41.1551 63.704 -8.618112 41.15534 63.7055
-8.618112 41.15458 63.7055 -8.61534 41.1551 63.707
-8.61534 41.15399 63.707 -8.613297 41.15458 63.7085
-8.613297 41.15383 63.7085 -8.612064 41.15399 63.71
-8.612064 41.15383 63.71 -8.611911 41.15523 63.7115
-8.611911 41.15523 63.7115 -8.611794 41.15684 63.713
-8.611794 41.15684 63.713 -8.610804 41.15717 63.7145
-8.610804 41.15717 63.7145 -8.61021 41.15727 63.716
-8.61021 41.15727 63.716 -8.609508 41.15733 63.7175
-8.609508 41.15733 63.7175 -8.60949 41.15735 63.719
-8.60949 41.15735 63.719 -8.56242 41.1684 63.7984
-8.562429 41.16836 63.7984 -8.56242 41.1684 63.7999
-8.562429 41.16795 63.7999 -8.562348 41.16836 63.8014
-8.564571 41.16712 63.8014 -8.562348 41.16795 63.8029
-8.566596 41.16662 63.8029 -8.564571 41.16712 63.8044
-8.568 41.16662 63.8044 -8.566596 41.16748 63.8059
-8.570295 41.16748 63.8059 -8.568 41.16775 63.8074
-8.570295 41.16775 63.8074 -8.570223 41.16932 63.8089
-8.570898 41.16882 63.8089 -8.570223 41.16932 63.8104
-8.572626 41.16882 63.8104 -8.570898 41.16924 63.8119
-8.57403 41.16846 63.8119 -8.572626 41.16924 63.8134
-8.576046 41.1672 63.8134 -8.57403 41.16846 63.8149
-8.577711 41.16544 63.8149 -8.576046 41.1672 63.8164
-8.580087 41.16407 63.8164 -8.577711 41.16544 63.8179
-8.58222 41.16407 63.8179 -8.580087 41.16445 63.8194
-8.584056 41.1632 63.8194 -8.58222 41.16445 63.8209
-8.586387 41.1632 63.8209 -8.584056 41.16338 63.8224
-8.588772 41.16338 63.8224 -8.586387 41.1642 63.8239
-8.589546 41.16416 63.8239 -8.588772 41.1642 63.8254
-8.590158 41.16344 63.8254 -8.589546 41.16416 63.8269
-8.591607 41.16186 63.8269 -8.590158 41.16344 63.8284
-8.593272 41.16056 63.8284 -8.591607 41.16186 63.8299
-8.595792 41.16056 63.8299 -8.593272 41.16074 63.8314
-8.596701 41.16074 63.8314 -8.595792 41.16094 63.8329
-8.597898 41.16094 63.8329 -8.596701 41.16116 63.8344
-8.598528 41.16116 63.8344 -8.597898 41.16122 63.8359
-8.600886 41.16122 63.8359 -8.598528 41.16153 63.8374
-8.603532 41.16153 63.8374 -8.600886 41.16179 63.8389
-8.603955 41.16179 63.8389 -8.603532 41.16181 63.8404
-8.60571 41.16181 63.8404 -8.603955 41.16203 63.8419
-8.60787 41.16203 63.8419 -8.60571 41.16229 63.8434
-8.61003 41.16229 63.8434 -8.60787 41.16258 63.8449
-8.612199 41.16258 63.8449 -8.61003 41.16282 63.8464
-8.614602 41.16282 63.8464 -8.612199 41.16316 63.8479
-8.617104 41.16316 63.8479 -8.614602 41.1635 63.8494
-8.619219 41.1635 63.8494 -8.617104 41.16376 63.8509
-8.620488 41.16376 63.8509 -8.619219 41.16389 63.8524
-8.620488 41.16389 63.8524 -8.62047 41.1639 63.8539
-8.62047 41.1639 63.8539 -8.620452 41.16391 63.8554
-8.620452 41.16391 63.8554 -8.620452 41.16392 63.8569
-8.621523 41.16392 63.8569 -8.620452 41.16404 63.8584
-8.623044 41.16404 63.8584 -8.621523 41.16418 63.8599
-8.623044 41.16418 63.8599 -8.623026 41.1642 63.8614
-8.623026 41.1642 63.8614 -8.623017 41.16422 63.8629
-8.623017 41.1551 63.7343 -8.618868 41.16422 63.8629
-8.618868 41.15491 63.7343 -8.6175 41.1551 63.7358
-8.6175 41.15452 63.7358 -8.615079 41.15491 63.7373
-8.615079 41.15423 63.7373 -8.613468 41.15452 63.7388
-8.613468 41.1541 63.7388 -8.613261 41.15423 63.7403
-8.613297 41.15383 63.7403 -8.613261 41.1541 63.7418
-8.613297 41.15383 63.7418 -8.612037 41.1539 63.7433
-8.612037 41.1539 63.7433 -8.611929 41.1558 63.7448
-8.611929 41.1558 63.7448 -8.610876 41.15717 63.7463
-8.610876 41.15717 63.7463 -8.610183 41.15725 63.7478
-8.610183 41.15725 63.7478 -8.610138 41.15727 63.7493
-8.610138 41.15727 63.7493 -8.609508 41.15737 63.7508
-8.609508 41.15737 63.7508 -8.608707 41.15839 63.7523
-8.608707 41.15839 63.7523 -8.607915 41.16004 63.7538
-8.607915 41.16004 63.7538 -8.607654 41.1606 63.7553
-8.607654 41.1606 63.7553 -8.606295 41.16416 63.7568
-8.60643 41.16416 63.7568 -8.606295 41.16669 63.7583
-8.60643 41.16669 63.7583 -8.60634 41.16912 63.7598
-8.60634 41.16912 63.7598 -8.60445 41.17111 63.7613
-8.60445 41.17111 63.7613 -8.60121 41.17117 63.7628
-8.60121 41.17117 63.7628 -8.597205 41.17162 63.7643
-8.597205 41.17097 63.7643 -8.593578 41.17162 63.7658
-8.593578 41.16898 63.7658 -8.5905 41.17097 63.7673
-8.5905 41.16706 63.7673 -8.587206 41.16898 63.7688
-8.587206 41.16625 63.7688 -8.583624 41.16706 63.7703
-8.583624 41.1642 63.7703 -8.58213 41.16625 63.7718
-8.58213 41.16338 63.7718 -8.58114 41.1642 63.7733
-8.58114 41.16338 63.7733 -8.579376 41.16433 63.7748
-8.579376 41.16433 63.7748 -8.577468 41.16532 63.7763
-8.577468 41.16386 63.7763 -8.576298 41.16532 63.7778
-8.576298 41.16231 63.7778 -8.575101 41.16386 63.7793
-8.575101 41.16226 63.7793 -8.575065 41.16231 63.7808
-8.608716 41.1535 63.7808 -8.575065 41.16226 63.8595
-8.608716 41.15348 63.8595 -8.607627 41.1535 63.861
-8.607627 41.15347 63.861 -8.606502 41.15348 63.8625
-8.606502 41.15347 63.8625 -8.606493 41.15347 63.864
-8.606493 41.15343 63.864 -8.605269 41.15347 63.8655
-8.605269 41.15343 63.8655 -8.604756 41.15416 63.867
-8.604756 41.15416 63.867 -8.604648 41.15562 63.8685
-8.604648 41.15562 63.8685 -8.604477 41.15735 63.87
-8.604477 41.15735 63.87 -8.604279 41.15902 63.8715
-8.604351 41.15902 63.8715 -8.604279 41.16015 63.873
-8.604387 41.16015 63.873 -8.604351 41.16028 63.8745
-8.604387 41.16028 63.8745 -8.603892 41.16154 63.876
-8.60562 41.16154 63.876 -8.603892 41.16208 63.8775
-8.607987 41.16208 63.8775 -8.60562 41.16239 63.879
-8.6103 41.16239 63.879 -8.607987 41.16266 63.8805
-8.610957 41.16266 63.8805 -8.6103 41.16275 63.882
-8.610957 41.16275 63.882 -8.610957 41.1628 63.8835
-8.611965 41.1628 63.8835 -8.610957 41.16284 63.885
-8.614242 41.16284 63.885 -8.611965 41.16313 63.8865
-8.616573 41.16313 63.8865 -8.614242 41.16339 63.888
-8.61894 41.16339 63.888 -8.616573 41.16371 63.8895
-8.621082 41.16371 63.8895 -8.61894 41.16399 63.891
-8.623305 41.16399 63.891 -8.621082 41.16428 63.8925
-8.624889 41.16428 63.8925 -8.623305 41.16472 63.894
-8.625042 41.16472 63.894 -8.624889 41.16651 63.8955
-8.626068 41.16651 63.8955 -8.625042 41.16697 63.897
-8.626554 41.16694 63.897 -8.626068 41.16697 63.8985
-8.628309 41.16694 63.8985 -8.626554 41.16744 63.9
-8.630352 41.16744 63.9 -8.628309 41.16808 63.9015
-8.631639 41.16798 63.9015 -8.630352 41.16808 63.903
-8.631981 41.16798 63.903 -8.631639 41.16848 63.9045
-8.632206 41.16843 63.9045 -8.631981 41.16848 63.906
-8.63271 41.1683 63.906 -8.632206 41.16843 63.9075
-8.632737 41.1683 63.9075 -8.63271 41.1683 63.909
-8.632737 41.14053 63.8151 -8.612208 41.1683 63.909
-8.612235 41.14052 63.8151 -8.612208 41.14053 63.8166
-8.614035 41.14032 63.8166 -8.612235 41.14052 63.8181
-8.614809 41.14032 63.8181 -8.614035 41.14035 63.8196
-8.61561 41.14029 63.8196 -8.614809 41.14035 63.8211
-8.616024 41.14029 63.8211 -8.61561 41.14047 63.8226
-8.616024 41.14047 63.8226 -8.616006 41.14055 63.8241
-8.616006 41.14055 63.8241 -8.61462 41.1411 63.8256
-8.61462 41.1411 63.8256 -8.614314 41.14239 63.8271
-8.614314 41.14239 63.8271 -8.613711 41.14317 63.8286
-8.613711 41.14317 63.8286 -8.612811 41.14381 63.8301
-8.612811 41.14381 63.8301 -8.611983 41.14444 63.8316
-8.611983 41.14444 63.8316 -8.611299 41.14498 63.8331
-8.611299 41.14498 63.8331 -8.611056 41.14508 63.8346
-8.611056 41.14508 63.8346 -8.610777 41.14592 63.8361
-8.610777 41.14592 63.8361 -8.609112 41.14684 63.8376
-8.609112 41.14684 63.8376 -8.60886 41.14744 63.8391
-8.610876 41.14744 63.8391 -8.60886 41.14796 63.8406
-8.610876 41.14796 63.8406 -8.610237 41.14958 63.8421
-8.610237 41.14958 63.8421 -8.610066 41.15073 63.8436
-8.610066 41.15073 63.8436 -8.609985 41.1509 63.8451
-8.609985 41.1509 63.8451 -8.609805 41.15186 63.8466
-8.610003 41.15186 63.8466 -8.609805 41.15347 63.8481
-8.610003 41.15347 63.8481 -8.609328 41.15506 63.8496
-8.609328 41.15506 63.8496 -8.609238 41.15685 63.8511
-8.609238 41.15685 63.8511 -8.608401 41.15748 63.8526
-8.608401 41.15748 63.8526 -8.607276 41.15766 63.8541
-8.607276 41.15766 63.8541 -8.606772 41.15826 63.8556
-8.606772 41.15826 63.761 -8.585145 41.16486 63.8556
-8.585145 41.1647 63.761 -8.584146 41.16486 63.7625
-8.584146 41.1647 63.7625 -8.583147 41.16476 63.764
-8.627931 41.15795 63.764 -8.583147 41.16476 63.7655
-8.628813 41.15795 63.7655 -8.627931 41.15911 63.767
-8.628813 41.15911 63.767 -8.628264 41.16098 63.7685
-8.628264 41.16098 63.7685 -8.627589 41.16306 63.77
-8.627589 41.16306 63.77 -8.627508 41.1633 63.7715
-8.627517 41.1633 63.7715 -8.627508 41.1633 63.773
-8.627517 41.1633 63.773 -8.627184 41.16441 63.7745
-8.628759 41.16441 63.7745 -8.627184 41.16495 63.776
-8.63127 41.16489 63.776 -8.628759 41.16495 63.7775
-8.633736 41.16376 63.7775 -8.63127 41.16489 63.779
-8.63613 41.16376 63.779 -8.633736 41.16425 63.7805
-8.63613 41.16425 63.7805 -8.63613 41.16427 63.782
-8.638209 41.16427 63.782 -8.63613 41.16474 63.7835
-8.640144 41.16474 63.7835 -8.638209 41.16566 63.785
-8.642079 41.16566 63.785 -8.640144 41.16726 63.7865
-8.643915 41.16726 63.7865 -8.642079 41.16891 63.788
-8.643915 41.16891 63.788 -8.606169 41.17209 63.7895
-8.610615 41.17209 63.7895 -8.606169 41.17435 63.791
-8.642412 41.17036 63.791 -8.610615 41.17435 63.7925
-8.643042 41.17036 63.7925 -8.642412 41.17041 63.794
-8.644041 41.16955 63.794 -8.643042 41.17041 63.7955
-8.645868 41.16904 63.7955 -8.644041 41.16955 63.797
-8.647686 41.16904 63.797 -8.645868 41.17048 63.7985
-8.649207 41.16988 63.7985 -8.647686 41.17048 63.8
-8.649207 41.16924 63.8 -8.648784 41.16988 63.8015
-8.648784 41.16924 63.8015 -8.648064 41.16938 63.803
-8.648064 41.16938 63.803 -8.647992 41.16942 63.8045
-8.647992 41.1694 63.8045 -8.647992 41.16942 63.806
-8.647992 41.16939 63.806 -8.647983 41.1694 63.8075
-8.647983 41.16939 63.8075 -8.647974 41.16939 63.809
-8.647983 41.16939 63.809 -8.647974 41.16939 63.8105
-8.647983 41.16939 63.8105 -8.647983 41.16939 63.812
-8.647983 41.16939 63.812 -8.647983 41.16939 63.8135
-8.647983 41.16939 63.8135 -8.647983 41.16939 63.815
-8.647983 41.16939 63.815 -8.647974 41.16939 63.8165
-8.647974 41.16939 63.8165 -8.647974 41.1694 63.818
-8.647983 41.1694 63.818 -8.647974 41.16941 63.8195
-8.647983 41.16941 63.8195 -8.647983 41.16941 63.821
-8.647983 41.16941 63.821 -8.647983 41.16941 63.8225
-8.647983 41.16941 63.8225 -8.647983 41.16941 63.824
-8.647983 41.16941 63.824 -8.647974 41.16942 63.8255
-8.647974 41.16942 63.8255 -8.647965 41.16943 63.827
-8.647965 41.1694 63.827 -8.647965 41.16943 63.8285
-8.648019 41.1694 63.8285 -8.647965 41.16954 63.83
-8.64918 41.16954 63.83 -8.648019 41.16956 63.8315
-8.64918 41.16956 63.8315 -8.648199 41.17051 63.833
-8.648199 41.16971 63.833 -8.646732 41.17051 63.8345
-8.646732 41.16952 63.8345 -8.645418 41.16971 63.836
-8.645418 41.16829 63.836 -8.643618 41.16952 63.8375
-8.643618 41.16631 63.8375 -8.641152 41.16829 63.839
-8.641152 41.1647 63.839 -8.638866 41.16631 63.8405
-8.638866 41.16421 63.8405 -8.636139 41.1647 63.842
-8.636139 41.16298 63.842 -8.633286 41.16421 63.8435
-8.633286 41.16205 63.8435 -8.632593 41.16298 63.845
-8.632593 41.16007 63.845 -8.631009 41.16205 63.8465
-8.631009 41.15826 63.8465 -8.630145 41.16007 63.848
-8.630145 41.15696 63.848 -8.629299 41.15826 63.8495
-8.629299 41.15696 63.8495 -8.628138 41.15726 63.851
-8.628138 41.15726 63.851 -8.628138 41.1574 63.8525
-8.628165 41.1574 63.8525 -8.628138 41.15752 63.854
-8.628165 41.15752 63.854 -8.628147 41.15752 63.8555
-8.628147 41.15752 63.8481 -8.584263 41.16316 63.8555
-8.584695 41.163 63.8481 -8.584263 41.16316 63.8496
-8.585595 41.16265 63.8496 -8.584695 41.163 63.8511
-8.585595 41.16144 63.8511 -8.585487 41.16265 63.8526
-8.585487 41.16028 63.8526 -8.583561 41.16144 63.8541
-8.583561 41.16028 63.8541 -8.582319 41.16052 63.8556
-8.582319 41.16052 63.8556 -8.581995 41.16185 63.8571
-8.582769 41.16185 63.8571 -8.581995 41.16335 63.8586
-8.582769 41.16335 63.8586 -8.581032 41.16352 63.8601
-8.582265 41.16352 63.8601 -8.581032 41.16523 63.8616
-8.584803 41.16523 63.8616 -8.582265 41.16669 63.8631
-8.588295 41.16669 63.8631 -8.584803 41.16784 63.8646
-8.591805 41.16784 63.8646 -8.588295 41.16992 63.8661
-8.595045 41.16992 63.8661 -8.591805 41.17188 63.8676
-8.599203 41.1714 63.8676 -8.595045 41.17188 63.8691
-8.603586 41.1714 63.8691 -8.599203 41.17156 63.8706
-8.607474 41.17156 63.8706 -8.603586 41.173 63.8721
-8.610966 41.173 63.8721 -8.607474 41.17444 63.8736
-8.614827 41.17439 63.8736 -8.610966 41.17444 63.8751
-8.618922 41.17386 63.8751 -8.614827 41.17439 63.8766
-8.622918 41.17344 63.8766 -8.618922 41.17386 63.8781
-8.627103 41.17303 63.8781 -8.622918 41.17344 63.8796
-8.63118 41.17226 63.8796 -8.627103 41.17303 63.8811
-8.63532 41.17137 63.8811 -8.63118 41.17226 63.8826
-8.639154 41.16947 63.8826 -8.63532 41.17137 63.8841
-8.64261 41.16694 63.8841 -8.639154 41.16947 63.8856
-8.646489 41.16495 63.8856 -8.64261 41.16694 63.8871
-8.649405 41.16224 63.8871 -8.646489 41.16495 63.8886
-8.649405 41.15859 63.8886 -8.647623 41.16224 63.8901
-8.647623 41.1549 63.8901 -8.645337 41.15859 63.8916
-8.645337 41.15175 63.8916 -8.642835 41.1549 63.8931
-8.642835 41.14876 63.8931 -8.640729 41.15175 63.8946
-8.640729 41.14546 63.8946 -8.639946 41.14876 63.8961
-8.640315 41.14317 63.8961 -8.639946 41.14546 63.8976
-8.641503 41.14256 63.8976 -8.640315 41.14317 63.8991
-8.641755 41.14193 63.8991 -8.641503 41.14256 63.9006
-8.641755 41.14158 63.9006 -8.640414 41.14193 63.9021
-8.640414 41.14154 63.9021 -8.639649 41.14158 63.9036
-8.639667 41.14153 63.9036 -8.639649 41.14154 63.9051
-8.639667 41.14153 63.9051 -8.63964 41.14154 63.9066
-8.639694 41.14154 63.9066 -8.63964 41.14162 63.9081
-8.639703 41.14162 63.9081 -8.639694 41.14162 63.9096
-8.63973 41.1416 63.9096 -8.639703 41.14162 63.9111
-8.639739 41.14159 63.9111 -8.63973 41.1416 63.9126
-8.639748 41.14156 63.9126 -8.639739 41.14159 63.9141
-8.639748 41.14156 63.9141 -8.639739 41.14156 63.9156
-8.639739 41.14156 63.9156 -8.639721 41.14156 63.9171
-8.639721 41.14156 63.9171 -8.639712 41.14157 63.9186
-8.639721 41.14157 63.9186 -8.639712 41.14157 63.9201
-8.639739 41.14156 63.9201 -8.639721 41.14157 63.9216
-8.639757 41.14156 63.9216 -8.639739 41.14156 63.9231
-8.639757 41.14156 63.9231 -8.639757 41.14156 63.9246
-8.639757 41.14156 63.9246 -8.63973 41.14157 63.9261
-8.63973 41.14156 63.9261 -8.639721 41.14157 63.9276
-8.63973 41.14155 63.9276 -8.639721 41.14156 63.9291
-8.639739 41.14155 63.9291 -8.63973 41.14155 63.9306
-8.639739 41.14155 63.9306 -8.639721 41.14156 63.9321
-8.639721 41.14156 63.9321 -8.639712 41.14156 63.9336
-8.639712 41.14156 63.9336 -8.639712 41.14156 63.9351
-8.639712 41.14156 63.9351 -8.639703 41.14156 63.9366
-8.639703 41.14156 63.9366 -8.639685 41.14158 63.9381
-8.639685 41.14158 63.9381 -8.63964 41.14164 63.9396
-8.639973 41.14164 63.9396 -8.63964 41.14167 63.9411
-8.641134 41.14167 63.9411 -8.639973 41.14184 63.9426
-8.641566 41.14184 63.9426 -8.641134 41.14267 63.9441
-8.666757 41.14267 63.9135 -8.641566 41.17406 63.9441
-8.666784 41.17406 63.9135 -8.666757 41.17406 63.915
-8.666784 41.17406 63.915 -8.666649 41.17407 63.9165
-8.666649 41.17407 63.9165 -8.666325 41.17485 63.918
-8.666811 41.17485 63.918 -8.666325 41.17555 63.9195
-8.666811 41.17555 63.9195 -8.665524 41.17637 63.921
-8.665524 41.17637 63.921 -8.663841 41.17716 63.9225
-8.663841 41.17716 63.9225 -8.663013 41.17786 63.924
-8.663013 41.17687 63.924 -8.662032 41.17786 63.9255
-8.662032 41.17687 63.9255 -8.65962 41.17707 63.927
-8.65962 41.17707 63.927 -8.657757 41.17746 63.9285
-8.658576 41.17746 63.9285 -8.657757 41.17855 63.93
-8.659521 41.17855 63.93 -8.658576 41.17977 63.9315
-8.660709 41.17977 63.9315 -8.659521 41.18017 63.933
-8.662806 41.18017 63.933 -8.660709 41.18056 63.9345
-8.663193 41.18056 63.9345 -8.662806 41.18122 63.936
-8.663193 41.18122 63.936 -8.662491 41.18164 63.9375
-8.662554 41.18164 63.9375 -8.662491 41.18171 63.939
-8.662554 41.18171 63.939 -8.662554 41.18171 63.9405
-8.662554 41.14919 63.7482 -8.599239 41.18171 63.9405
-8.599239 41.14919 63.7482 -8.598681 41.1493 63.7497
-8.598681 41.1493 63.7497 -8.597943 41.15058 63.7512
-8.597943 41.15058 63.7512 -8.596962 41.15227 63.7527
-8.596962 41.15227 63.7527 -8.595765 41.15434 63.7542
-8.595765 41.15434 63.7542 -8.594388 41.15674 63.7557
-8.594388 41.15674 63.7557 -8.59293 41.15929 63.7572
-8.59293 41.15929 63.7572 -8.591589 41.16146 63.7587
-8.591589 41.16146 63.7587 -8.59005 41.16334 63.7602
-8.59005 41.16334 63.7602 -8.589078 41.16463 63.7617
-8.589078 41.16463 63.7617 -8.588673 41.16576 63.7632
-8.588673 41.16576 63.7632 -8.588547 41.16613 63.7647
-8.588547 41.16613 63.7647 -8.587602 41.1682 63.7662
-8.587602 41.1682 63.7662 -8.586585 41.16883 63.7677
-8.586585 41.16853 63.7677 -8.584767 41.16883 63.7692
-8.584767 41.16853 63.7692 -8.584317 41.16926 63.7707
-8.584326 41.16926 63.7707 -8.584317 41.16926 63.7722
-8.643807 41.16898 63.7722 -8.584326 41.16926 63.9181
-8.643807 41.16898 63.9181 -8.642529 41.17011 63.9196
-8.642529 41.17011 63.9196 -8.642133 41.1712 63.9211
-8.64324 41.1712 63.9211 -8.642133 41.17272 63.9226
-8.644788 41.17272 63.9226 -8.64324 41.17395 63.9241
-8.646534 41.17395 63.9241 -8.644788 41.17556 63.9256
-8.648829 41.17556 63.9256 -8.646534 41.17737 63.9271
-8.649828 41.17737 63.9271 -8.648829 41.17824 63.9286
-8.649828 41.17824 63.9286 -8.647911 41.1786 63.9301
-8.647911 41.1513 63.8161 -8.609706 41.1786 63.9301
-8.609706 41.1513 63.8161 -8.609562 41.15147 63.8176
-8.610021 41.15147 63.8176 -8.609562 41.15251 63.8191
-8.610021 41.15251 63.8191 -8.609769 41.15341 63.8206
-8.609769 41.15341 63.8206 -8.609355 41.15353 63.8221
-8.610732 41.15353 63.8221 -8.609355 41.15369 63.8236
-8.611893 41.15369 63.8236 -8.610732 41.15434 63.8251
-8.612784 41.15434 63.8251 -8.611893 41.15516 63.8266
-8.614989 41.15516 63.8266 -8.612784 41.15543 63.8281
-8.61813 41.15543 63.8281 -8.614989 41.1557 63.8296
-8.619606 41.1557 63.8296 -8.61813 41.15648 63.8311
-8.619777 41.15648 63.8311 -8.619606 41.15795 63.8326
-8.620497 41.15795 63.8326 -8.619777 41.15941 63.8341
-8.621163 41.15941 63.8341 -8.620497 41.16036 63.8356
-8.621163 41.16036 63.8356 -8.621064 41.16114 63.8371
-8.660646 41.16114 63.7254 -8.621064 41.16857 63.8371
-8.661087 41.16793 63.7254 -8.660646 41.16857 63.7269
-8.661231 41.16658 63.7269 -8.661087 41.16793 63.7284
-8.661231 41.1664 63.7284 -8.660637 41.16658 63.7299
-8.660637 41.1664 63.7299 -8.660295 41.16682 63.7314
-8.660295 41.16682 63.7314 -8.658954 41.16839 63.7329
-8.658954 41.16839 63.7329 -8.657649 41.16991 63.7344
-8.657649 41.16991 63.7344 -8.656371 41.17145 63.7359
-8.656371 41.17145 63.7359 -8.654706 41.17348 63.7374
-8.654706 41.17348 63.7374 -8.653014 41.17527 63.7389
-8.653014 41.17527 63.7389 -8.651349 41.17644 63.7404
-8.652213 41.17644 63.7404 -8.651349 41.17724 63.7419
-8.652213 41.17724 63.7419 -8.651358 41.17807 63.7434
-8.651358 41.17807 63.7434 -8.65071 41.17892 63.7449
-8.65125 41.17892 63.7449 -8.65071 41.17968 63.7464
-8.65125 41.17968 63.7464 -8.649648 41.18064 63.7479
-8.649648 41.18064 63.7479 -8.647515 41.18193 63.7494
-8.647515 41.18193 63.7494 -8.644491 41.18354 63.7509
-8.644491 41.18354 63.7509 -8.641701 41.18411 63.7524
-8.641701 41.18245 63.7524 -8.638677 41.18411 63.7539
-8.638677 41.18059 63.7539 -8.635284 41.18245 63.7554
-8.635284 41.1791 63.7554 -8.632476 41.18059 63.7569
-8.632476 41.1791 63.7569 -8.629983 41.17936 63.7584
-8.629983 41.17936 63.7584 -8.629857 41.17937 63.7599
-8.629857 41.17937 63.7599 -8.629857 41.17937 63.7614
-8.629857 41.17937 63.7614 -8.629263 41.17944 63.7629
-8.629263 41.17944 63.7629 -8.625996 41.17978 63.7644
-8.625996 41.17978 63.7644 -8.622018 41.18046 63.7659
-8.622018 41.18046 63.7659 -8.61885 41.18191 63.7674
-8.61885 41.18191 63.7674 -8.617077 41.18282 63.7689
-8.617077 41.18282 63.7689 -8.614215 41.18308 63.7704
-8.614215 41.18308 63.7704 -8.613675 41.18314 63.7719
-8.613702 41.18314 63.7719 -8.613675 41.18315 63.7734
-8.613702 41.18315 63.7734 -8.613288 41.18319 63.7749
-8.613288 41.18319 63.7749 -8.610813 41.184 63.7764
-8.610813 41.184 63.7764 -8.607474 41.18465 63.7779
-8.607474 41.18389 63.7779 -8.604018 41.18465 63.7794
-8.604018 41.18325 63.7794 -8.601768 41.18389 63.7809
-8.601768 41.18263 63.7809 -8.601588 41.18325 63.7824
-8.601957 41.18183 63.7824 -8.601588 41.18263 63.7839
-8.601957 41.1818 63.7839 -8.601903 41.18183 63.7854
-8.601948 41.1818 63.7854 -8.601903 41.18182 63.7869
-8.601948 41.18181 63.7869 -8.601894 41.18182 63.7884
-8.612955 41.14038 63.7884 -8.601894 41.18181 63.8502
-8.612991 41.14036 63.8502 -8.612955 41.14038 63.8517
-8.61309 41.14036 63.8517 -8.612991 41.14037 63.8532
-8.613297 41.14035 63.8532 -8.61309 41.14037 63.8547
-8.614512 41.14027 63.8547 -8.613297 41.14035 63.8562
-8.615358 41.14021 63.8562 -8.614512 41.14027 63.8577
-8.615988 41.14021 63.8577 -8.615358 41.14042 63.8592
-8.615988 41.14042 63.8592 -8.615556 41.1407 63.8607
-8.615556 41.1407 63.8607 -8.614548 41.14116 63.8622
-8.614548 41.14116 63.8622 -8.614269 41.14229 63.8637
-8.614269 41.14229 63.8637 -8.61372 41.14303 63.8652
-8.61372 41.14303 63.8652 -8.612631 41.14393 63.8667
-8.612631 41.14393 63.8667 -8.61174 41.14458 63.8682
-8.61174 41.14458 63.8682 -8.611461 41.14479 63.8697
-8.611488 41.14479 63.8697 -8.611461 41.14479 63.8712
-8.611488 41.14479 63.8712 -8.611434 41.1448 63.8727
-8.611434 41.1448 63.8727 -8.611308 41.14489 63.8742
-8.611308 41.1441 63.8742 -8.610615 41.14489 63.8757
-8.610615 41.14316 63.8757 -8.609715 41.1441 63.8772
-8.609715 41.14315 63.8772 -8.608599 41.14316 63.8787
-8.608599 41.14315 63.8787 -8.608581 41.14317 63.8802
-8.608581 41.14316 63.8802 -8.608563 41.14317 63.8817
-8.608563 41.1425 63.8817 -8.60733 41.14316 63.8832
-8.60733 41.1425 63.8832 -8.605224 41.14334 63.8847
-8.605224 41.14334 63.8847 -8.604468 41.14508 63.8862
-8.604468 41.14508 63.8862 -8.604405 41.14519 63.8877
-8.604405 41.14519 63.8877 -8.603703 41.14544 63.8892
-8.603703 41.14544 63.8892 -8.603307 41.14552 63.8907
-8.603307 41.14552 63.8907 -8.602038 41.14569 63.8922
-8.602038 41.14568 63.8922 -8.602011 41.14569 63.8937
-8.602011 41.14568 63.8937 -8.60193 41.14688 63.8952
-8.602074 41.14688 63.8952 -8.60193 41.1492 63.8967
-8.602317 41.1492 63.8967 -8.602074 41.15182 63.8982
-8.602452 41.15182 63.8982 -8.602317 41.15413 63.8997
-8.60247 41.15413 63.8997 -8.602452 41.15592 63.9012
-8.60418 41.15592 63.9012 -8.60247 41.16097 63.996
-8.60418 41.16097 63.996 -8.603874 41.1615 63.9975
-8.60391 41.1615 63.9975 -8.603874 41.16153 63.999
-8.603919 41.16153 63.999 -8.60391 41.16202 64.0005
-8.603919 41.16202 64.0005 -8.602614 41.16304 64.002
-8.602614 41.16304 64.002 -8.601309 41.16399 64.0035
-8.601309 41.16399 64.0035 -8.599842 41.16511 64.005
-8.599842 41.16511 64.005 -8.596854 41.16631 64.0065
-8.596854 41.16631 64.0065 -8.593794 41.1672 64.008
-8.593794 41.1672 64.008 -8.591913 41.16817 64.0095
-8.591913 41.16817 64.0095 -8.589654 41.16949 64.011
-8.589654 41.16944 64.011 -8.588241 41.16949 64.0125
-8.588241 41.16887 64.0125 -8.5869 41.16944 64.014
-8.5869 41.1685 64.014 -8.584848 41.16887 64.0155
-8.584848 41.16833 64.0155 -8.58285 41.1685 64.017
-8.58285 41.16833 64.017 -8.58123 41.16849 64.0185
-8.58123 41.16817 64.0185 -8.579907 41.16849 64.02
-8.579907 41.16788 64.02 -8.579772 41.16817 64.0215
-8.579781 41.16788 64.0215 -8.579772 41.16788 64.023
-8.579781 41.16788 64.023 -8.579763 41.1679 64.0245
-8.665686 41.1679 63.7658 -8.579763 41.17063 64.0245
-8.665686 41.17063 63.7658 -8.665677 41.17065 63.7673
-8.665677 41.17065 63.7673 -8.664786 41.17132 63.7688
-8.664786 41.17132 63.7688 -8.663238 41.17245 63.7703
-8.663238 41.17245 63.7703 -8.66205 41.17388 63.7718
-8.662248 41.17388 63.7718 -8.66205 41.17538 63.7733
-8.663733 41.17538 63.7733 -8.662248 41.17641 63.7748
-8.663751 41.17641 63.7748 -8.663733 41.17725 63.7763
-8.663751 41.17725 63.7763 -8.663229 41.17775 63.7778
-8.663229 41.17775 63.7778 -8.66322 41.17776 63.7793
-8.66322 41.17776 63.7793 -8.66322 41.17776 63.7808
-8.66322 41.17776 63.7808 -8.662986 41.17779 63.7823
-8.662986 41.17677 63.7823 -8.661771 41.17779 63.7838
-8.661771 41.17677 63.7838 -8.6589 41.17717 63.7853
-8.6589 41.17717 63.7853 -8.656083 41.17777 63.7868
-8.656083 41.17777 63.7868 -8.65512 41.1779 63.7883
-8.65512 41.1779 63.7883 -8.653248 41.17871 63.7898
-8.653248 41.17871 63.7898 -8.652699 41.18041 63.7913
-8.653203 41.18041 63.7913 -8.652699 41.18268 63.7928
-8.653302 41.18268 63.7928 -8.653203 41.18363 63.7943
-8.653806 41.18363 63.7943 -8.653302 41.18536 63.7958
-8.654166 41.18536 63.7958 -8.653806 41.18697 63.7973
-8.654328 41.18697 63.7973 -8.654166 41.18782 63.7988
-8.654337 41.18782 63.7988 -8.654328 41.18782 63.8003
-8.654337 41.18782 63.8003 -8.654337 41.18782 63.8018
-8.654337 41.18782 63.8018 -8.654337 41.18782 63.8033
-8.654337 41.1683 63.8033 -8.632737 41.18782 63.9092
-8.6328 41.16825 63.9092 -8.632737 41.1683 63.9107
-8.632845 41.16821 63.9107 -8.6328 41.16825 63.9122
-8.632845 41.16818 63.9122 -8.632836 41.16821 63.9137
-8.632836 41.16818 63.9137 -8.632818 41.16819 63.9152
-8.632827 41.16819 63.9152 -8.632818 41.16819 63.9167
-8.632827 41.16819 63.9167 -8.6328 41.16822 63.9182
-8.6328 41.16822 63.9182 -8.6328 41.16823 63.9197
-8.648226 41.14833 63.9197 -8.6328 41.16823 63.9535
-8.648514 41.1483 63.9535 -8.648226 41.14833 63.955
-8.648784 41.14815 63.955 -8.648514 41.1483 63.9565
-8.650827 41.14805 63.9565 -8.648784 41.14815 63.958
-8.653158 41.14805 63.958 -8.650827 41.14836 63.9595
-8.653158 41.14836 63.9595 -8.652906 41.14921 63.961
-8.652906 41.14921 63.961 -8.651799 41.15031 63.9625
-8.651799 41.15031 63.9625 -8.649999 41.1511 63.964
-8.649999 41.1511 63.964 -8.649216 41.15231 63.9655
-8.649216 41.15231 63.9655 -8.648469 41.15348 63.967
-8.648469 41.15348 63.967 -8.648379 41.15402 63.9685
-8.648379 41.154 63.9685 -8.648325 41.15402 63.97
-8.648325 41.154 63.97 -8.648217 41.15428 63.9715
-8.648379 41.15428 63.9715 -8.648217 41.15583 63.973
-8.649252 41.15583 63.973 -8.648379 41.15799 63.9745
-8.649252 41.15799 63.9745 -8.648298 41.15908 63.976
-8.648298 41.15722 63.976 -8.646435 41.15908 63.9775
-8.646435 41.15451 63.9775 -8.645202 41.15722 63.979
-8.645202 41.15192 63.979 -8.643042 41.15451 63.9805
-8.643042 41.14927 63.9805 -8.64081 41.15192 63.982
-8.64081 41.14627 63.982 -8.640081 41.14927 63.9835
-8.640081 41.14325 63.9835 -8.639361 41.14627 63.985
-8.639361 41.13991 63.985 -8.637804 41.14325 63.9865
-8.637804 41.13646 63.9865 -8.635545 41.13991 63.988
-8.635545 41.13271 63.988 -8.635527 41.13646 63.9895
-8.635734 41.12894 63.9895 -8.635527 41.13271 63.991
-8.635923 41.12507 63.991 -8.635734 41.12894 63.9925
-8.635932 41.12142 63.9925 -8.635923 41.12507 63.994
-8.635932 41.11844 63.994 -8.633367 41.12142 63.9955
-8.633367 41.11627 63.9955 -8.629821 41.11844 63.997
-8.629821 41.11494 63.997 -8.625753 41.11627 63.9985
-8.625753 41.11403 63.9985 -8.621631 41.11494 64
-8.621631 41.11312 64 -8.617509 41.11403 64.0015
-8.617509 41.11217 64.0015 -8.613279 41.11312 64.003
-8.613279 41.11115 64.003 -8.609193 41.11217 64.0045
-8.609193 41.10926 64.0045 -8.606043 41.11115 64.006
-8.606043 41.10772 64.006 -8.60544 41.10926 64.0075
-8.607006 41.10772 64.0075 -8.60544 41.10939 64.009
-8.607006 41.10939 64.009 -8.606826 41.11224 64.0105
-8.606826 41.11224 64.0105 -8.606511 41.11458 64.012
-8.606511 41.11458 64.012 -8.606412 41.11557 64.0135
-8.606412 41.115 64.0135 -8.604612 41.11557 64.015
-8.604612 41.11394 64.015 -8.602425 41.115 64.0165
-8.602425 41.11248 64.0165 -8.600382 41.11394 64.018
-8.600382 41.11104 64.018 -8.598555 41.11248 64.0195
-8.598555 41.1092 64.0195 -8.597034 41.11104 64.021
-8.597034 41.10824 64.021 -8.594532 41.1092 64.0225
-8.594532 41.10659 64.0225 -8.592435 41.10824 64.024
-8.592435 41.10488 64.024 -8.590392 41.10659 64.0255
-8.590392 41.10348 64.0255 -8.588709 41.10488 64.027
-8.589627 41.10247 64.027 -8.588709 41.10348 64.0285
-8.589627 41.10131 64.0285 -8.589204 41.10247 64.03
-8.589816 41.10017 64.03 -8.589204 41.10131 64.0315
-8.589816 41.09882 64.0315 -8.589087 41.10017 64.033
-8.589087 41.09794 64.033 -8.587728 41.09882 64.0345
-8.588178 41.09728 64.0345 -8.587728 41.09794 64.036
-8.58825 41.09728 64.036 -8.588178 41.09736 64.0375
-8.638227 41.09736 64.0375 -8.58825 41.15959 64.0499
-8.638227 41.15925 64.0499 -8.637543 41.15959 64.0514
-8.637543 41.15888 64.0514 -8.635158 41.15925 64.0529
-8.635158 41.15888 64.0529 -8.633196 41.15893 64.0544
-8.633196 41.15893 64.0544 -8.632728 41.16028 64.0559
-8.633052 41.16028 64.0559 -8.632728 41.1611 64.0574
-8.633052 41.1611 64.0574 -8.632656 41.16184 64.0589
-8.632656 41.16181 64.0589 -8.632593 41.16184 64.0604
-8.632593 41.16181 64.0604 -8.631315 41.1626 64.0619
-8.631315 41.1626 64.0619 -8.629092 41.1636 64.0634
-8.629092 41.16347 64.0634 -8.626662 41.1636 64.0649
-8.626662 41.16335 64.0649 -8.624799 41.16347 64.0664
-8.624799 41.16303 64.0664 -8.622864 41.16335 64.0679
-8.622864 41.16272 64.0679 -8.620425 41.16303 64.0694
-8.620425 41.16249 64.0694 -8.617752 41.16272 64.0709
-8.617752 41.1622 64.0709 -8.61525 41.16249 64.0724
-8.61525 41.1619 64.0724 -8.612811 41.1622 64.0739
-8.612811 41.16171 64.0739 -8.611299 41.1619 64.0754
-8.611299 41.1615 64.0754 -8.609742 41.16171 64.0769
-8.60994 41.16011 64.0769 -8.609742 41.1615 64.0784
-8.610075 41.15824 64.0784 -8.60994 41.16011 64.0799
-8.610075 41.15615 64.0799 -8.610003 41.15824 64.0814
-8.610084 41.15412 64.0814 -8.610003 41.15615 64.0829
-8.610084 41.15246 64.0829 -8.610075 41.15412 64.0844
-8.610714 41.15106 64.0844 -8.610075 41.15246 64.0859
-8.611335 41.15033 64.0859 -8.610714 41.15106 64.0874
-8.611524 41.15033 64.0874 -8.611335 41.15037 64.0889
-8.61156 41.15037 64.0889 -8.611524 41.1504 64.0904
-8.611596 41.1504 64.0904 -8.61156 41.15044 64.0919
-8.613243 41.15044 63.9635 -8.611596 41.15444 64.0919
-8.613243 41.15373 63.9635 -8.612811 41.15444 63.965
-8.612811 41.15373 63.965 -8.611965 41.15464 63.9665
-8.611965 41.15464 63.9665 -8.61192 41.15667 63.968
-8.612541 41.15667 63.968 -8.61192 41.15732 63.9695
-8.612541 41.15732 63.9695 -8.612073 41.1587 63.971
-8.612073 41.1587 63.971 -8.611605 41.16043 63.9725
-8.611605 41.16043 63.9725 -8.611371 41.16158 63.974
-8.611371 41.16158 63.974 -8.611236 41.16229 63.9755
-8.611236 41.16229 63.9755 -8.611011 41.16409 63.977
-8.611011 41.16409 63.977 -8.611011 41.16443 63.9785
-8.61102 41.16443 63.9785 -8.611011 41.1649 63.98
-8.61147 41.1649 63.98 -8.61102 41.16638 63.9815
-8.612946 41.16638 63.9815 -8.61147 41.16658 63.983
-8.613324 41.16658 63.983 -8.612946 41.16694 63.9845
-8.613333 41.16691 63.9845 -8.613324 41.16694 63.986
-8.613351 41.1669 63.986 -8.613333 41.16691 63.9875
-8.613351 41.16689 63.9875 -8.613315 41.1669 63.989
-8.613315 41.14943 63.989 -8.611065 41.16689 64.0555
-8.611209 41.14937 64.0555 -8.611065 41.14943 64.057
-8.611236 41.14824 64.057 -8.611209 41.14937 64.0585
-8.611794 41.1479 64.0585 -8.611236 41.14824 64.06
-8.612937 41.1479 64.06 -8.611794 41.14821 64.0615
-8.620308 41.14747 64.0615 -8.612937 41.14821 64.063
-8.620353 41.14735 64.063 -8.620308 41.14747 64.0645
-8.620353 41.14689 64.0645 -8.620119 41.14735 64.066
-8.620119 41.14681 64.066 -8.620002 41.14689 64.0675
-8.620002 41.14681 64.0675 -8.619993 41.14684 64.069
-8.619993 41.14684 64.069 -8.619993 41.14684 64.0705
-8.619993 41.14684 63.9871 -8.611101 41.16285 64.0705
-8.61111 41.16285 63.9871 -8.611101 41.16298 63.9886
-8.61111 41.16298 63.9886 -8.61102 41.16444 63.9901
-8.61102 41.16444 63.9901 -8.609157 41.16448 63.9916
-8.609157 41.16436 63.9916 -8.606592 41.16448 63.9931
-8.606592 41.16436 63.9931 -8.606259 41.16479 63.9946
-8.606259 41.16479 63.9946 -8.605116 41.16543 63.9961
-8.605116 41.16533 63.9961 -8.602623 41.16543 63.9976
-8.602623 41.16403 63.9976 -8.601768 41.16533 63.9991
-8.601768 41.1639 63.9991 -8.601723 41.16403 64.0006
-8.601723 41.1639 64.0006 -8.600661 41.16455 64.0021
-8.600661 41.16455 64.0021 -8.598798 41.16559 64.0036
-8.598798 41.16559 64.0036 -8.598375 41.16579 64.0051
-8.598375 41.16579 64.0051 -8.595855 41.16662 64.0066
-8.595855 41.16662 64.0066 -8.593371 41.16739 64.0081
-8.593371 41.16739 64.0081 -8.591904 41.16817 64.0096
-8.591931 41.16817 64.0096 -8.591904 41.16818 64.0111
-8.59194 41.16818 64.0111 -8.591931 41.16819 64.0126
-8.600067 41.16819 63.9875 -8.59194 41.1827 64.0126
-8.600085 41.1827 63.9875 -8.600067 41.18279 63.989
-8.600085 41.18226 63.989 -8.598195 41.18279 63.9905
-8.598195 41.18135 63.9905 -8.597601 41.18226 63.992
-8.598618 41.17921 63.992 -8.597601 41.18135 63.9935
-8.599707 41.17707 63.9935 -8.598618 41.17921 63.995
-8.599995 41.17499 63.995 -8.599707 41.17707 63.9965
-8.601057 41.17385 63.9965 -8.599995 41.17499 63.998
-8.603424 41.1737 63.998 -8.601057 41.17385 63.9995
-8.605692 41.1737 63.9995 -8.603424 41.17372 64.001
-8.605692 41.17372 64.001 -8.605683 41.17372 64.0025
-8.605683 41.17372 64.0025 -8.605683 41.17372 64.004
-8.605683 41.17372 64.004 -8.605665 41.17372 64.0055
-8.605665 41.17372 64.0055 -8.605665 41.17372 64.007
-8.605665 41.17278 64.007 -8.605431 41.17372 64.0085
-8.605431 41.17161 64.0085 -8.604441 41.17278 64.01
-8.605872 41.16983 64.01 -8.604441 41.17161 64.0115
-8.606547 41.16757 64.0115 -8.605872 41.16983 64.013
-8.606583 41.16663 64.013 -8.606547 41.16757 64.0145
-8.606583 41.16659 64.0145 -8.606574 41.16663 64.016
-8.607537 41.16625 64.016 -8.606574 41.16659 64.0175
-8.608374 41.16561 64.0175 -8.607537 41.16625 64.019
-8.608527 41.16454 64.019 -8.608374 41.16561 64.0205
-8.608761 41.16357 64.0205 -8.608527 41.16454 64.022
-8.609175 41.16256 64.022 -8.608761 41.16357 64.0235
-8.609175 41.16256 64.0235 -8.609175 41.16257 64.025
-8.609517 41.16162 64.025 -8.609175 41.16257 64.0265
-8.60976 41.16102 64.0265 -8.609517 41.16162 64.028
-8.609958 41.15877 64.028 -8.60976 41.16102 64.0295
-8.610012 41.15612 64.0295 -8.609958 41.15877 64.031
-8.61012 41.15378 64.031 -8.610012 41.15612 64.0325
-8.610237 41.15182 64.0325 -8.61012 41.15378 64.034
-8.610975 41.15034 64.034 -8.610237 41.15182 64.0355
-8.611596 41.14912 64.0355 -8.610975 41.15034 64.037
-8.612217 41.14825 64.037 -8.611596 41.14912 64.0385
-8.612226 41.14814 64.0385 -8.612217 41.14825 64.04
-8.612298 41.14807 64.04 -8.612226 41.14814 64.0415
-8.612451 41.14799 64.0415 -8.612298 41.14807 64.043
-8.612478 41.14799 64.043 -8.612451 41.14799 64.0445
-8.613216 41.14799 64.0445 -8.612478 41.14825 64.046
-8.620362 41.14737 64.046 -8.613216 41.14825 64.0475
-8.620362 41.14733 64.0475 -8.620353 41.14737 64.049
-8.620353 41.14728 64.049 -8.620344 41.14733 64.0505
-8.620344 41.14727 64.0505 -8.620344 41.14728 64.052
-8.620371 41.1472 64.052 -8.620344 41.14727 64.0535
-8.620371 41.1472 63.7453 -8.610948 41.15053 64.0535
-8.611164 41.1505 63.7453 -8.610948 41.15053 63.7468
-8.612469 41.15026 63.7468 -8.611164 41.1505 63.7483
-8.613855 41.15002 63.7483 -8.612469 41.15026 63.7498
-8.614755 41.15002 63.7498 -8.613855 41.15038 63.7513
-8.614755 41.15038 63.7513 -8.614548 41.15156 63.7528
-8.614548 41.15156 63.7528 -8.613801 41.15185 63.7543
-8.613801 41.15185 63.7543 -8.613522 41.15308 63.7558
-8.613522 41.15308 63.7558 -8.613387 41.15365 63.7573
-8.613387 41.15365 63.7573 -8.613378 41.15367 63.7588
